0.000000 0.000000 0.000000
0.000000 0.000000 1.000000
0.830270 0.557360 1.763560
1.139800 2.293540 2.266580
3.394190 2.528260 3.209090
3.427030 5.737190 3.181220
3.454270 8.918290 3.520230
6.927190 8.343100 4.509860
6.939660 12.852940 3.746260
6.955530 16.599170 4.007700
7.012310 20.606460 4.423750
11.210980 21.999560 5.418650
14.589690 26.235840 5.995370
17.801090 31.298590 5.997380
21.515460 26.589870 5.993640
25.777110 22.375370 5.996080
30.453320 18.622240 5.997920
33.531560 13.474480 5.996340
36.445100 8.233550 5.996030
40.602820 3.913150 4.997970
44.502670 0.787310 3.998710
48.099990 -0.958810 2.999160
51.010310 -0.234230 1.999500
53.001610 -0.053310 0.999810
54.000000 0.000000 0.000000
