0.000000 0.000000 0.000000
0.000000 0.000000 1.000000
0.833670 0.552260 1.944650
0.886270 2.496200 2.189720
2.910720 1.661660 3.154740
2.949340 4.816160 3.279780
3.968260 7.933660 4.277090
3.989070 12.210700 5.183660
9.014310 10.938980 6.180750
14.387860 7.885030 7.176440
21.563960 7.955140 7.038430
27.936570 4.966940 6.809930
34.014700 1.895870 5.824390
39.056100 -1.020930 4.992960
44.013790 -0.428500 3.997870
48.003550 -0.173920 2.999440
51.001350 -0.074640 1.999710
53.000300 -0.019580 0.999890
54.000000 0.000000 -0.000000
